0.000000000000000000e+00 1.719391784667968750e+02 1.466616210937500000e+02 1.077626190185546875e+02 9.808022308349609375e+01 7.248711395263671875e+01 4.377166366577148438e+01 5.443094253540039062e+01 1.318905181884765625e+02 6.383705902099609375e+01 1.219918136596679688e+02 9.945065307617187500e+01 1.433079376220703125e+02 3.736198043823242188e+01 9.522692108154296875e+01 1.429267272949218750e+02 1.177977828979492188e+02 1.357661132812500000e+02 1.265662078857421875e+02 1.098767318725585938e+02 9.265750885009765625e+01 1.547139282226562500e+02 1.195255432128906250e+02 1.201037597656250000e+02 1.573106384277343750e+02 1.627865142822265625e+02 1.789970092773437500e+02 8.647879028320312500e+01 4.625664520263671875e+01 5.137345886230468750e+01 1.656743927001953125e+02 8.921575164794921875e+01 5.467692565917968750e+01 8.406744384765625000e+01
1.719391784667968750e+02 0.000000000000000000e+00 9.264250946044921875e+01 1.241406173706054688e+02 1.034494018554687500e+02 1.259532089233398438e+02 1.568025817871093750e+02 1.455212402343750000e+02 7.282507324218750000e+01 1.526754913330078125e+02 8.919042968750000000e+01 1.133964843750000000e+02 5.868428421020507812e+01 1.552325592041015625e+02 1.015111923217773438e+02 6.232543182373046875e+01 1.260538558959960938e+02 1.091878433227539062e+02 1.184603271484375000e+02 1.214812850952148438e+02 1.262459106445312500e+02 4.004124069213867188e+01 1.079972991943359375e+02 8.773890686035156250e+01 3.563692092895507812e+01 8.742628479003906250e+01 4.610216522216796875e+01 1.186555480957031250e+02 1.354639434814453125e+02 1.569388580322265625e+02 6.791616821289062500e+01 1.060872497558593750e+02 1.366230468750000000e+02 1.163331756591796875e+02
1.466616210937500000e+02 9.264250946044921875e+01 0.000000000000000000e+00 1.771138305664062500e+02 1.437869415283203125e+02 1.815404205322265625e+02 1.468781280517578125e+02 1.803878936767578125e+02 1.413949127197265625e+02 1.868816375732421875e+02 1.040384902954101562e+02 1.857718505859375000e+02 1.184268341064453125e+02 1.674496765136718750e+02 1.607641448974609375e+02 8.652906799316406250e+01 5.549615478515625000e+01 8.211260986328125000e+01 6.858240509033203125e+01 1.893256225585937500e+02 7.634088134765625000e+01 1.021755371093750000e+02 4.992251205444335938e+01 1.357166595458984375e+02 1.087318420410156250e+02 5.399412918090820312e+01 6.278078842163085938e+01 1.273616867065429688e+02 1.357761535644531250e+02 1.056988449096679688e+02 9.709376525878906250e+01 1.418091888427734375e+02 1.197713699340820312e+02 1.002294998168945312e+02
1.077626190185546875e+02 1.241406173706054688e+02 1.771138305664062500e+02 0.000000000000000000e+00 1.059156188964843750e+02 9.066822052001953125e+01 7.597447204589843750e+01 1.109232254028320312e+02 5.616903686523437500e+01 6.049172973632812500e+01 1.459738159179687500e+02 5.113263320922851562e+01 1.426608886718750000e+02 1.226647033691406250e+02 7.612155151367187500e+01 1.008370437622070312e+02 1.739828643798828125e+02 1.643574371337890625e+02 1.685871734619140625e+02 2.737436866760253906e+01 1.194116897583007812e+02 9.277970886230468750e+01 1.467715454101562500e+02 5.235829162597656250e+01 1.385116119384765625e+02 1.909434509277343750e+02 1.481299133300781250e+02 6.056888961791992188e+01 1.351279907226562500e+02 1.081637420654296875e+02 1.719299316406250000e+02 1.271025695800781250e+02 1.474931640625000000e+02 1.448967437744140625e+02
9.808022308349609375e+01 1.034494018554687500e+02 1.437869415283203125e+02 1.059156188964843750e+02 0.000000000000000000e+00 5.294486236572265625e+01 1.250824050903320312e+02 5.481879425048828125e+01 7.869964599609375000e+01 1.068401489257812500e+02 6.097953796386718750e+01 7.728079986572265625e+01 7.834611511230468750e+01 7.229961395263671875e+01 3.453595352172851562e+01 1.393255157470703125e+02 9.357979583740234375e+01 7.535511016845703125e+01 7.784508514404296875e+01 9.699996948242187500e+01 1.314831848144531250e+02 1.083426666259765625e+02 1.379296875000000000e+02 1.062097473144531250e+02 8.962489318847656250e+01 1.155580444335937500e+02 1.370933837890625000e+02 1.394929656982421875e+02 6.869009399414062500e+01 1.179552993774414062e+02 1.040424957275390625e+02 2.536537742614746094e+01 7.173873138427734375e+01 5.614288330078125000e+01
7.248711395263671875e+01 1.259532089233398438e+02 1.815404205322265625e+02 9.066822052001953125e+01 5.294486236572265625e+01 0.000000000000000000e+00 8.558311462402343750e+01 4.217705917358398438e+01 7.473465728759765625e+01 6.272730255126953125e+01 1.090071640014648438e+02 5.229648590087890625e+01 1.246893997192382812e+02 6.067572402954101562e+01 3.981570053100585938e+01 1.378769683837890625e+02 1.411545410156250000e+02 1.233968734741210938e+02 1.260035858154296875e+02 7.622512054443359375e+01 1.449080657958984375e+02 1.098597183227539062e+02 1.631549835205078125e+02 1.013383255004882812e+02 1.302954864501953125e+02 1.626973571777343750e+02 1.574868469238281250e+02 1.201809082031250000e+02 8.995566558837890625e+01 1.131083755493164062e+02 1.513489685058593750e+02 6.967571258544921875e+01 1.082512664794921875e+02 1.028598251342773438e+02
4.377166366577148438e+01 1.568025817871093750e+02 1.468781280517578125e+02 7.597447204589843750e+01 1.250824050903320312e+02 8.558311462402343750e+01 0.000000000000000000e+00 8.090560913085937500e+01 1.057059402465820312e+02 5.231679534912109375e+01 1.575944824218750000e+02 9.274554443359375000e+01 1.768162841796875000e+02 7.089251708984375000e+01 1.096377944946289062e+02 1.100561752319335938e+02 1.281766204833984375e+02 1.635421600341796875e+02 1.441918029785156250e+02 8.521010589599609375e+01 8.428024291992187500e+01 1.207245864868164062e+02 1.151760177612304688e+02 8.360364532470703125e+01 1.779939575195312500e+02 1.744072570800781250e+02 1.656690368652343750e+02 5.430624771118164062e+01 8.179851531982421875e+01 5.291873931884765625e+01 1.987006683349609375e+02 1.283966979980468750e+02 8.416681671142578125e+01 1.101447677612304688e+02
5.443094253540039062e+01 1.455212402343750000e+02 1.803878936767578125e+02 1.109232254028320312e+02 5.481879425048828125e+01 4.217705917358398438e+01 8.090560913085937500e+01 0.000000000000000000e+00 9.651505279541015625e+01 7.228628540039062500e+01 1.115801239013671875e+02 7.650921630859375000e+01 1.293571624755859375e+02 4.104985046386718750e+01 5.285379409790039062e+01 1.563296966552734375e+02 1.388415222167968750e+02 1.259430694580078125e+02 1.279689712524414062e+02 9.945364379882812500e+01 1.375872344970703125e+02 1.311012420654296875e+02 1.596887512207031250e+02 1.208688507080078125e+02 1.406480865478515625e+02 1.653437042236328125e+02 1.748025054931640625e+02 1.230321044921875000e+02 7.004466247558593750e+01 9.939015960693359375e+01 1.546982727050781250e+02 6.357228851318359375e+01 8.773186492919921875e+01 9.857087707519531250e+01
1.318905181884765625e+02 7.282507324218750000e+01 1.413949127197265625e+02 5.616903686523437500e+01 7.869964599609375000e+01 7.473465728759765625e+01 1.057059402465820312e+02 9.651505279541015625e+01 0.000000000000000000e+00 9.210193634033203125e+01 1.098955383300781250e+02 5.466926193237304688e+01 1.015515747070312500e+02 1.179575500488281250e+02 5.044602203369140625e+01 6.731331634521484375e+01 1.508270111083984375e+02 1.300911865234375000e+02 1.355321807861328125e+02 5.407011795043945312e+01 1.163363876342773438e+02 4.398851394653320312e+01 1.310132904052734375e+02 3.967129516601562500e+01 9.333171844482421875e+01 1.468073577880859375e+02 9.964519500732421875e+01 7.418945312500000000e+01 1.289983825683593750e+02 1.241883773803710938e+02 1.287930145263671875e+02 9.900897216796875000e+01 1.349633026123046875e+02 1.178575286865234375e+02
6.383705902099609375e+01 1.526754913330078125e+02 1.868816375732421875e+02 6.049172973632812500e+01 1.068401489257812500e+02 6.272730255126953125e+01 5.231679534912109375e+01 7.228628540039062500e+01 9.210193634033203125e+01 0.000000000000000000e+00 1.599786376953125000e+02 5.502904510498046875e+01 1.686470642089843750e+02 7.869017791748046875e+01 8.241809082031250000e+01 1.359393768310546875e+02 1.675188293457031250e+02 1.748915100097656250e+02 1.722697906494140625e+02 5.184889984130859375e+01 1.253161010742187500e+02 1.266298904418945312e+02 1.552945098876953125e+02 9.443565368652343750e+01 1.666528320312500000e+02 2.021101531982421875e+02 1.781631927490234375e+02 8.053190612792968750e+01 1.040732116699218750e+02 9.315309906005859375e+01 1.969494018554687500e+02 1.248570022583007812e+02 1.145259246826171875e+02 1.364010162353515625e+02
1.219918136596679688e+02 8.919042968750000000e+01 1.040384902954101562e+02 1.459738159179687500e+02 6.097953796386718750e+01 1.090071640014648438e+02 1.575944824218750000e+02 1.115801239013671875e+02 1.098955383300781250e+02 1.599786376953125000e+02 0.000000000000000000e+00 1.248166580200195312e+02 4.452532196044921875e+01 1.115440063476562500e+02 8.513629913330078125e+01 1.425853729248046875e+02 6.620327758789062500e+01 3.154038047790527344e+01 4.492238235473632812e+01 1.409237670898437500e+02 1.283025512695312500e+02 1.102909240722656250e+02 1.185295028686523438e+02 1.366109466552734375e+02 6.431625366210937500e+01 6.660926055908203125e+01 1.071386413574218750e+02 1.622042388916015625e+02 8.397087097167968750e+01 1.235367050170898438e+02 5.214977264404296875e+01 6.013427352905273438e+01 8.353997039794921875e+01 5.825279998779296875e+01
9.945065307617187500e+01 1.133964843750000000e+02 1.857718505859375000e+02 5.113263320922851562e+01 7.728079986572265625e+01 5.229648590087890625e+01 9.274554443359375000e+01 7.650921630859375000e+01 5.466926193237304688e+01 5.502904510498046875e+01 1.248166580200195312e+02 0.000000000000000000e+00 1.291804809570312500e+02 9.516446685791015625e+01 4.725288009643554688e+01 1.180108947753906250e+02 1.589804077148437500e+02 1.399883575439453125e+02 1.428148193359375000e+02 3.469263076782226562e+01 1.477447357177734375e+02 9.260607147216796875e+01 1.664379577636718750e+02 7.491481018066406250e+01 1.258543395996093750e+02 1.752701110839843750e+02 1.450693054199218750e+02 9.929174804687500000e+01 1.194133071899414062e+02 1.290088348388671875e+02 1.584929351806640625e+02 9.838333892822265625e+01 1.337255554199218750e+02 1.213998031616210938e+02
1.433079376220703125e+02 5.868428421020507812e+01 1.184268341064453125e+02 1.426608886718750000e+02 7.834611511230468750e+01 1.246893997192382812e+02 1.768162841796875000e+02 1.293571624755859375e+02 1.015515747070312500e+02 1.686470642089843750e+02 4.452532196044921875e+01 1.291804809570312500e+02 0.000000000000000000e+00 1.317931823730468750e+02 9.998847961425781250e+01 1.178527450561523438e+02 9.961235046386718750e+01 5.897291183471679688e+01 7.914935302734375000e+01 1.390121002197265625e+02 1.488338775634765625e+02 8.957529449462890625e+01 1.341162109375000000e+02 1.261461334228515625e+02 3.017315864562988281e+01 7.569686126708984375e+01 8.234317779541015625e+01 1.622078247070312500e+02 1.053714523315429688e+02 1.500502929687500000e+02 3.318909072875976562e+01 7.916476440429687500e+01 1.060216598510742188e+02 8.399961853027343750e+01
3.736198043823242188e+01 1.552325592041015625e+02 1.674496765136718750e+02 1.226647033691406250e+02 7.229961395263671875e+01 6.067572402954101562e+01 7.089251708984375000e+01 4.104985046386718750e+01 1.179575500488281250e+02 7.869017791748046875e+01 1.115440063476562500e+02 9.516446685791015625e+01 1.317931823730468750e+02 0.000000000000000000e+00 7.501245880126953125e+01 1.638706207275390625e+02 1.277830810546875000e+02 1.258123855590820312e+02 1.247788391113281250e+02 1.157362213134765625e+02 1.211556777954101562e+02 1.498737792968750000e+02 1.450595092773437500e+02 1.335099334716796875e+02 1.449678344726562500e+02 1.620947875976562500e+02 1.805529327392578125e+02 1.146068572998046875e+02 5.162849426269531250e+01 8.119202423095703125e+01 1.548927154541015625e+02 6.775128936767578125e+01 6.564274597167968750e+01 8.686016082763671875e+01
9.522692108154296875e+01 1.015111923217773438e+02 1.607641448974609375e+02 7.612155151367187500e+01 3.453595352172851562e+01 3.981570053100585938e+01 1.096377944946289062e+02 5.285379409790039062e+01 5.044602203369140625e+01 8.241809082031250000e+01 8.513629913330078125e+01 4.725288009643554688e+01 9.998847961425781250e+01 7.501245880126953125e+01 0.000000000000000000e+00 1.130231475830078125e+02 1.186848754882812500e+02 9.971234893798828125e+01 1.025124511718750000e+02 6.712712097167968750e+01 1.384908294677734375e+02 8.428427124023437500e+01 1.468901824951171875e+02 7.771630096435546875e+01 1.062029876708984375e+02 1.390259246826171875e+02 1.326492004394531250e+02 1.130843658447265625e+02 9.139050292968750000e+01 1.301822204589843750e+02 1.269797973632812500e+02 5.553752899169921875e+01 9.777546691894531250e+01 8.159700775146484375e+01
1.429267272949218750e+02 6.232543182373046875e+01 8.652906799316406250e+01 1.008370437622070312e+02 1.393255157470703125e+02 1.378769683837890625e+02 1.100561752319335938e+02 1.563296966552734375e+02 6.731331634521484375e+01 1.359393768310546875e+02 1.425853729248046875e+02 1.180108947753906250e+02 1.178527450561523438e+02 1.638706207275390625e+02 1.130231475830078125e+02 0.000000000000000000e+00 1.325095520019531250e+02 1.567820739746093750e+02 1.489954681396484375e+02 1.133305511474609375e+02 7.925828552246093750e+01 3.915330886840820312e+01 7.808705902099609375e+01 5.545824050903320312e+01 9.596987915039062500e+01 1.213442687988281250e+02 6.719987487792968750e+01 7.061631011962890625e+01 1.558755798339843750e+02 1.080619506835937500e+02 1.271769104003906250e+02 1.530817871093750000e+02 1.542269287109375000e+02 1.467410125732421875e+02
1.177977828979492188e+02 1.260538558959960938e+02 5.549615478515625000e+01 1.739828643798828125e+02 9.357979583740234375e+01 1.411545410156250000e+02 1.281766204833984375e+02 1.388415222167968750e+02 1.508270111083984375e+02 1.675188293457031250e+02 6.620327758789062500e+01 1.589804077148437500e+02 9.961235046386718750e+01 1.277830810546875000e+02 1.186848754882812500e+02 1.325095520019531250e+02 0.000000000000000000e+00 4.905987167358398438e+01 2.999526405334472656e+01 1.770128479003906250e+02 7.811512756347656250e+01 1.437812194824218750e+02 6.468395233154296875e+01 1.549126739501953125e+02 1.149958953857421875e+02 5.513105392456054688e+01 1.010356445312500000e+02 1.293022918701171875e+02 9.233501434326171875e+01 8.322856903076171875e+01 8.957212829589843750e+01 9.095030975341796875e+01 7.680377960205078125e+01 5.189139175415039062e+01
1.357661132812500000e+02 1.091878433227539062e+02 8.211260986328125000e+01 1.643574371337890625e+02 7.535511016845703125e+01 1.233968734741210938e+02 1.635421600341796875e+02 1.259430694580078125e+02 1.300911865234375000e+02 1.748915100097656250e+02 3.154038047790527344e+01 1.399883575439453125e+02 5.897291183471679688e+01 1.258123855590820312e+02 9.971234893798828125e+01 1.567820739746093750e+02 4.905987167358398438e+01 0.000000000000000000e+00 2.750162315368652344e+01 1.581502227783203125e+02 1.179035873413085938e+02 1.325665893554687500e+02 1.025236816406250000e+02 1.565722351074218750e+02 8.167016601562500000e+01 4.671354675292968750e+01 1.023095397949218750e+02 1.659244689941406250e+02 9.697459411621093750e+01 1.205716323852539062e+02 5.008412170410156250e+01 7.444383239746093750e+01 9.526847076416015625e+01 6.474880218505859375e+01
1.265662078857421875e+02 1.184603271484375000e+02 6.858240509033203125e+01 1.685871734619140625e+02 7.784508514404296875e+01 1.260035858154296875e+02 1.441918029785156250e+02 1.279689712524414062e+02 1.355321807861328125e+02 1.722697906494140625e+02 4.492238235473632812e+01 1.428148193359375000e+02 7.914935302734375000e+01 1.247788391113281250e+02 1.025124511718750000e+02 1.489954681396484375e+02 2.999526405334472656e+01 2.750162315368652344e+01 0.000000000000000000e+00 1.614565582275390625e+02 9.691080474853515625e+01 1.387322998046875000e+02 8.358029174804687500e+01 1.576758270263671875e+02 9.877705383300781250e+01 4.891491699218750000e+01 1.035596160888671875e+02 1.474479370117187500e+02 9.143935394287109375e+01 9.939318847656250000e+01 7.145932769775390625e+01 7.653688812255859375e+01 8.111835479736328125e+01 5.045439910888671875e+01
1.098767318725585938e+02 1.214812850952148438e+02 1.893256225585937500e+02 2.737436866760253906e+01 9.699996948242187500e+01 7.622512054443359375e+01 8.521010589599609375e+01 9.945364379882812500e+01 5.407011795043945312e+01 5.184889984130859375e+01 1.409237670898437500e+02 3.469263076782226562e+01 1.390121002197265625e+02 1.157362213134765625e+02 6.712712097167968750e+01 1.133305511474609375e+02 1.770128479003906250e+02 1.581502227783203125e+02 1.614565582275390625e+02 0.000000000000000000e+00 1.381996765136718750e+02 9.374777221679687500e+01 1.637816619873046875e+02 6.349880981445312500e+01 1.349889526367187500e+02 1.890392913818359375e+02 1.494414825439453125e+02 7.951416015625000000e+01 1.345948333740234375e+02 1.244736480712890625e+02 1.683041229248046875e+02 1.181615371704101562e+02 1.500329895019531250e+02 1.397723693847656250e+02
9.265750885009765625e+01 1.262459106445312500e+02 7.634088134765625000e+01 1.194116897583007812e+02 1.314831848144531250e+02 1.449080657958984375e+02 8.428024291992187500e+01 1.375872344970703125e+02 1.163363876342773438e+02 1.253161010742187500e+02 1.283025512695312500e+02 1.477447357177734375e+02 1.488338775634765625e+02 1.211556777954101562e+02 1.384908294677734375e+02 7.925828552246093750e+01 7.811512756347656250e+01 1.179035873413085938e+02 9.691080474853515625e+01 1.381996765136718750e+02 0.000000000000000000e+00 1.081605377197265625e+02 5.502813339233398438e+01 9.281642150878906250e+01 1.466385803222656250e+02 1.123972320556640625e+02 1.104093475341796875e+02 6.875267791748046875e+01 1.008973312377929688e+02 5.331067657470703125e+01 1.519214935302734375e+02 1.312690277099609375e+02 8.379061126708984375e+01 8.521419525146484375e+01
1.547139282226562500e+02 4.004124069213867188e+01 1.021755371093750000e+02 9.277970886230468750e+01 1.083426666259765625e+02 1.098597183227539062e+02 1.207245864868164062e+02 1.311012420654296875e+02 4.398851394653320312e+01 1.266298904418945312e+02 1.102909240722656250e+02 9.260607147216796875e+01 8.957529449462890625e+01 1.498737792968750000e+02 8.428427124023437500e+01 3.915330886840820312e+01 1.437812194824218750e+02 1.325665893554687500e+02 1.387322998046875000e+02 9.374777221679687500e+01 1.081605377197265625e+02 0.000000000000000000e+00 1.042400054931640625e+02 5.269544219970703125e+01 7.081652069091796875e+01 1.168497314453125000e+02 6.234535598754882812e+01 8.203888702392578125e+01 1.446863250732421875e+02 1.291705474853515625e+02 1.060863876342773438e+02 1.195215148925781250e+02 1.499438018798828125e+02 1.308885040283203125e+02
1.195255432128906250e+02 1.079972991943359375e+02 4.992251205444335938e+01 1.467715454101562500e+02 1.379296875000000000e+02 1.631549835205078125e+02 1.151760177612304688e+02 1.596887512207031250e+02 1.310132904052734375e+02 1.552945098876953125e+02 1.185295028686523438e+02 1.664379577636718750e+02 1.341162109375000000e+02 1.450595092773437500e+02 1.468901824951171875e+02 7.808705902099609375e+01 6.468395233154296875e+01 1.025236816406250000e+02 8.358029174804687500e+01 1.637816619873046875e+02 5.502813339233398438e+01 1.042400054931640625e+02 0.000000000000000000e+00 1.136798171997070312e+02 1.279051895141601562e+02 8.579381561279296875e+01 8.519384765625000000e+01 9.746060180664062500e+01 1.184573440551757812e+02 7.935907745361328125e+01 1.262567443847656250e+02 1.368691101074218750e+02 1.007565612792968750e+02 9.193080902099609375e+01
1.201037597656250000e+02 8.773890686035156250e+01 1.357166595458984375e+02 5.235829162597656250e+01 1.062097473144531250e+02 1.013383255004882812e+02 8.360364532470703125e+01 1.208688507080078125e+02 3.967129516601562500e+01 9.443565368652343750e+01 1.366109466552734375e+02 7.491481018066406250e+01 1.261461334228515625e+02 1.335099334716796875e+02 7.771630096435546875e+01 5.545824050903320312e+01 1.549126739501953125e+02 1.565722351074218750e+02 1.576758270263671875e+02 6.349880981445312500e+01 9.281642150878906250e+01 5.269544219970703125e+01 1.136798171997070312e+02 0.000000000000000000e+00 1.139870605468750000e+02 1.583658752441406250e+02 1.061499557495117188e+02 5.046146774291992188e+01 1.364329681396484375e+02 9.838344573974609375e+01 1.495693206787109375e+02 1.269284515380859375e+02 1.423350372314453125e+02 1.357259063720703125e+02
1.573106384277343750e+02 3.563692092895507812e+01 1.087318420410156250e+02 1.385116119384765625e+02 8.962489318847656250e+01 1.302954864501953125e+02 1.779939575195312500e+02 1.406480865478515625e+02 9.333171844482421875e+01 1.666528320312500000e+02 6.431625366210937500e+01 1.258543395996093750e+02 3.017315864562988281e+01 1.449678344726562500e+02 1.062029876708984375e+02 9.596987915039062500e+01 1.149958953857421875e+02 8.167016601562500000e+01 9.877705383300781250e+01 1.349889526367187500e+02 1.466385803222656250e+02 7.081652069091796875e+01 1.279051895141601562e+02 1.139870605468750000e+02 0.000000000000000000e+00 7.812604522705078125e+01 6.273523330688476562e+01 1.483744964599609375e+02 1.193164062500000000e+02 1.615271759033203125e+02 4.053153228759765625e+01 9.170345306396484375e+01 1.201159210205078125e+02 9.867044067382812500e+01
1.627865142822265625e+02 8.742628479003906250e+01 5.399412918090820312e+01 1.909434509277343750e+02 1.155580444335937500e+02 1.626973571777343750e+02 1.744072570800781250e+02 1.653437042236328125e+02 1.468073577880859375e+02 2.021101531982421875e+02 6.660926055908203125e+01 1.752701110839843750e+02 7.569686126708984375e+01 1.620947875976562500e+02 1.390259246826171875e+02 1.213442687988281250e+02 5.513105392456054688e+01 4.671354675292968750e+01 4.891491699218750000e+01 1.890392913818359375e+02 1.123972320556640625e+02 1.168497314453125000e+02 8.579381561279296875e+01 1.583658752441406250e+02 7.812604522705078125e+01 0.000000000000000000e+00 6.886496734619140625e+01 1.640899200439453125e+02 1.299195404052734375e+02 1.305151062011718750e+02 5.130245590209960938e+01 1.146020202636718750e+02 1.208942260742187500e+02 9.152542114257812500e+01
1.789970092773437500e+02 4.610216522216796875e+01 6.278078842163085938e+01 1.481299133300781250e+02 1.370933837890625000e+02 1.574868469238281250e+02 1.656690368652343750e+02 1.748025054931640625e+02 9.964519500732421875e+01 1.781631927490234375e+02 1.071386413574218750e+02 1.450693054199218750e+02 8.234317779541015625e+01 1.805529327392578125e+02 1.326492004394531250e+02 6.719987487792968750e+01 1.010356445312500000e+02 1.023095397949218750e+02 1.035596160888671875e+02 1.494414825439453125e+02 1.104093475341796875e+02 6.234535598754882812e+01 8.519384765625000000e+01 1.061499557495117188e+02 6.273523330688476562e+01 6.886496734619140625e+01 0.000000000000000000e+00 1.280628356933593750e+02 1.566168823242187500e+02 1.455098419189453125e+02 7.635745239257812500e+01 1.397865600585937500e+02 1.521123199462890625e+02 1.304769592285156250e+02
8.647879028320312500e+01 1.186555480957031250e+02 1.273616867065429688e+02 6.056888961791992188e+01 1.394929656982421875e+02 1.201809082031250000e+02 5.430624771118164062e+01 1.230321044921875000e+02 7.418945312500000000e+01 8.053190612792968750e+01 1.622042388916015625e+02 9.929174804687500000e+01 1.622078247070312500e+02 1.146068572998046875e+02 1.130843658447265625e+02 7.061631011962890625e+01 1.293022918701171875e+02 1.659244689941406250e+02 1.474479370117187500e+02 7.951416015625000000e+01 6.875267791748046875e+01 8.203888702392578125e+01 9.746060180664062500e+01 5.046146774291992188e+01 1.483744964599609375e+02 1.640899200439453125e+02 1.280628356933593750e+02 0.000000000000000000e+00 1.167796783447265625e+02 6.492568969726562500e+01 1.825919952392578125e+02 1.527633361816406250e+02 1.124597702026367188e+02 1.248404388427734375e+02
4.625664520263671875e+01 1.354639434814453125e+02 1.357761535644531250e+02 1.351279907226562500e+02 6.869009399414062500e+01 8.995566558837890625e+01 8.179851531982421875e+01 7.004466247558593750e+01 1.289983825683593750e+02 1.040732116699218750e+02 8.397087097167968750e+01 1.194133071899414062e+02 1.053714523315429688e+02 5.162849426269531250e+01 9.139050292968750000e+01 1.558755798339843750e+02 9.233501434326171875e+01 9.697459411621093750e+01 9.143935394287109375e+01 1.345948333740234375e+02 1.008973312377929688e+02 1.446863250732421875e+02 1.184573440551757812e+02 1.364329681396484375e+02 1.193164062500000000e+02 1.299195404052734375e+02 1.566168823242187500e+02 1.167796783447265625e+02 0.000000000000000000e+00 6.746050262451171875e+01 1.278256759643554688e+02 5.804679870605468750e+01 3.417055892944335938e+01 5.297994995117187500e+01
5.137345886230468750e+01 1.569388580322265625e+02 1.056988449096679688e+02 1.081637420654296875e+02 1.179552993774414062e+02 1.131083755493164062e+02 5.291873931884765625e+01 9.939015960693359375e+01 1.241883773803710938e+02 9.315309906005859375e+01 1.235367050170898438e+02 1.290088348388671875e+02 1.500502929687500000e+02 8.119202423095703125e+01 1.301822204589843750e+02 1.080619506835937500e+02 8.322856903076171875e+01 1.205716323852539062e+02 9.939318847656250000e+01 1.244736480712890625e+02 5.331067657470703125e+01 1.291705474853515625e+02 7.935907745361328125e+01 9.838344573974609375e+01 1.615271759033203125e+02 1.305151062011718750e+02 1.455098419189453125e+02 6.492568969726562500e+01 6.746050262451171875e+01 0.000000000000000000e+00 1.651153106689453125e+02 1.126174163818359375e+02 5.540081405639648438e+01 7.198493194580078125e+01
1.656743927001953125e+02 6.791616821289062500e+01 9.709376525878906250e+01 1.719299316406250000e+02 1.040424957275390625e+02 1.513489685058593750e+02 1.987006683349609375e+02 1.546982727050781250e+02 1.287930145263671875e+02 1.969494018554687500e+02 5.214977264404296875e+01 1.584929351806640625e+02 3.318909072875976562e+01 1.548927154541015625e+02 1.269797973632812500e+02 1.271769104003906250e+02 8.957212829589843750e+01 5.008412170410156250e+01 7.145932769775390625e+01 1.683041229248046875e+02 1.519214935302734375e+02 1.060863876342773438e+02 1.262567443847656250e+02 1.495693206787109375e+02 4.053153228759765625e+01 5.130245590209960938e+01 7.635745239257812500e+01 1.825919952392578125e+02 1.278256759643554688e+02 1.651153106689453125e+02 0.000000000000000000e+00 1.034020614624023438e+02 1.281652679443359375e+02 1.039522857666015625e+02
8.921575164794921875e+01 1.060872497558593750e+02 1.418091888427734375e+02 1.271025695800781250e+02 2.536537742614746094e+01 6.967571258544921875e+01 1.283966979980468750e+02 6.357228851318359375e+01 9.900897216796875000e+01 1.248570022583007812e+02 6.013427352905273438e+01 9.838333892822265625e+01 7.916476440429687500e+01 6.775128936767578125e+01 5.553752899169921875e+01 1.530817871093750000e+02 9.095030975341796875e+01 7.444383239746093750e+01 7.653688812255859375e+01 1.181615371704101562e+02 1.312690277099609375e+02 1.195215148925781250e+02 1.368691101074218750e+02 1.269284515380859375e+02 9.170345306396484375e+01 1.146020202636718750e+02 1.397865600585937500e+02 1.527633361816406250e+02 5.804679870605468750e+01 1.126174163818359375e+02 1.034020614624023438e+02 0.000000000000000000e+00 6.592994689941406250e+01 5.268350601196289062e+01
5.467692565917968750e+01 1.366230468750000000e+02 1.197713699340820312e+02 1.474931640625000000e+02 7.173873138427734375e+01 1.082512664794921875e+02 8.416681671142578125e+01 8.773186492919921875e+01 1.349633026123046875e+02 1.145259246826171875e+02 8.353997039794921875e+01 1.337255554199218750e+02 1.060216598510742188e+02 6.564274597167968750e+01 9.777546691894531250e+01 1.542269287109375000e+02 7.680377960205078125e+01 9.526847076416015625e+01 8.111835479736328125e+01 1.500329895019531250e+02 8.379061126708984375e+01 1.499438018798828125e+02 1.007565612792968750e+02 1.423350372314453125e+02 1.201159210205078125e+02 1.208942260742187500e+02 1.521123199462890625e+02 1.124597702026367188e+02 3.417055892944335938e+01 5.540081405639648438e+01 1.281652679443359375e+02 6.592994689941406250e+01 0.000000000000000000e+00 3.873685836791992188e+01
8.406744384765625000e+01 1.163331756591796875e+02 1.002294998168945312e+02 1.448967437744140625e+02 5.614288330078125000e+01 1.028598251342773438e+02 1.101447677612304688e+02 9.857087707519531250e+01 1.178575286865234375e+02 1.364010162353515625e+02 5.825279998779296875e+01 1.213998031616210938e+02 8.399961853027343750e+01 8.686016082763671875e+01 8.159700775146484375e+01 1.467410125732421875e+02 5.189139175415039062e+01 6.474880218505859375e+01 5.045439910888671875e+01 1.397723693847656250e+02 8.521419525146484375e+01 1.308885040283203125e+02 9.193080902099609375e+01 1.357259063720703125e+02 9.867044067382812500e+01 9.152542114257812500e+01 1.304769592285156250e+02 1.248404388427734375e+02 5.297994995117187500e+01 7.198493194580078125e+01 1.039522857666015625e+02 5.268350601196289062e+01 3.873685836791992188e+01 0.000000000000000000e+00
