0.000000000000000000e+00 1.702682037353515625e+02 1.417570343017578125e+02 1.157973098754882812e+02 1.004307556152343750e+02 8.048020172119140625e+01 4.597103500366210938e+01 6.414328765869140625e+01 1.368103485107421875e+02 7.679553222656250000e+01 1.173772583007812500e+02 1.079602966308593750e+02 1.420970153808593750e+02 4.227943420410156250e+01 1.041042709350585938e+02 1.370580444335937500e+02 1.150671157836914062e+02 1.316549835205078125e+02 1.237886199951171875e+02 1.223161544799804688e+02 8.604632568359375000e+01 1.555139465332031250e+02 1.159823074340820312e+02 1.184608230590820312e+02 1.517609710693359375e+02 1.577643890380859375e+02 1.729351654052734375e+02 8.579542541503906250e+01 4.630136489868164062e+01 5.022007369995117188e+01 1.610155487060546875e+02 8.694077301025390625e+01 5.503109741210937500e+01 8.217420196533203125e+01
1.702682037353515625e+02 0.000000000000000000e+00 9.394673156738281250e+01 1.275930557250976562e+02 1.031296844482421875e+02 1.241968231201171875e+02 1.594031524658203125e+02 1.423044433593750000e+02 7.279418182373046875e+01 1.534963226318359375e+02 8.859957885742187500e+01 1.124114074707031250e+02 5.577841567993164062e+01 1.541201782226562500e+02 1.001417846679687500e+02 6.296419906616210938e+01 1.241593933105468750e+02 1.099779586791992188e+02 1.177539215087890625e+02 1.223526229858398438e+02 1.263417053222656250e+02 4.195906066894531250e+01 1.076538391113281250e+02 9.009632873535156250e+01 3.364291000366210938e+01 8.823586273193359375e+01 4.820487594604492188e+01 1.204028625488281250e+02 1.333867187500000000e+02 1.561797027587890625e+02 6.823808288574218750e+01 1.035118255615234375e+02 1.359597015380859375e+02 1.163963623046875000e+02
1.417570343017578125e+02 9.394673156738281250e+01 0.000000000000000000e+00 1.772849578857421875e+02 1.398035888671875000e+02 1.757226409912109375e+02 1.410535125732421875e+02 1.753965606689453125e+02 1.376105804443359375e+02 1.865764770507812500e+02 1.024969253540039062e+02 1.825969390869140625e+02 1.149539566040039062e+02 1.659978332519531250e+02 1.579521484375000000e+02 8.496881866455078125e+01 5.183683776855468750e+01 7.914609527587890625e+01 6.507524108886718750e+01 1.884217681884765625e+02 7.800389862060546875e+01 1.005002975463867188e+02 4.840331268310546875e+01 1.348694000244140625e+02 1.087792282104492188e+02 4.942897796630859375e+01 5.995318603515625000e+01 1.275152664184570312e+02 1.340930175781250000e+02 1.004151687622070312e+02 9.239638519287109375e+01 1.335513153076171875e+02 1.163778228759765625e+02 9.827008056640625000e+01
1.157973098754882812e+02 1.275930557250976562e+02 1.772849578857421875e+02 0.000000000000000000e+00 1.028982849121093750e+02 9.083123779296875000e+01 7.903717041015625000e+01 1.113436050415039062e+02 6.067047119140625000e+01 5.667982482910156250e+01 1.470651702880859375e+02 5.237849044799804688e+01 1.438076171875000000e+02 1.240685729980468750e+02 7.547525024414062500e+01 1.035150909423828125e+02 1.739504394531250000e+02 1.663086853027343750e+02 1.697802581787109375e+02 2.790777587890625000e+01 1.172311553955078125e+02 9.684707641601562500e+01 1.467201690673828125e+02 5.522660064697265625e+01 1.382550201416015625e+02 1.928375549316406250e+02 1.514173583984375000e+02 6.061732482910156250e+01 1.396046447753906250e+02 1.128024520874023438e+02 1.724435272216796875e+02 1.246799774169921875e+02 1.474564514160156250e+02 1.460504455566406250e+02
1.004307556152343750e+02 1.031296844482421875e+02 1.398035888671875000e+02 1.028982849121093750e+02 0.000000000000000000e+00 4.823649978637695312e+01 1.204469604492187500e+02 5.052141189575195312e+01 7.571395111083984375e+01 1.050487213134765625e+02 6.000027847290039062e+01 7.234143066406250000e+01 8.001657867431640625e+01 7.097875976562500000e+01 3.296253967285156250e+01 1.358247985839843750e+02 9.477353668212890625e+01 7.534480285644531250e+01 7.788179016113281250e+01 9.248861694335937500e+01 1.330554656982421875e+02 1.067178344726562500e+02 1.417433319091796875e+02 1.020157775878906250e+02 8.663318634033203125e+01 1.167261734008789062e+02 1.366062622070312500e+02 1.355916442871093750e+02 6.905393218994140625e+01 1.139737472534179688e+02 1.029055404663085938e+02 2.458681106567382812e+01 7.327291870117187500e+01 5.761767959594726562e+01
8.048020172119140625e+01 1.241968231201171875e+02 1.757226409912109375e+02 9.083123779296875000e+01 4.823649978637695312e+01 0.000000000000000000e+00 8.599547576904296875e+01 4.198070144653320312e+01 7.517871856689453125e+01 6.496615600585937500e+01 1.035599136352539062e+02 5.155426788330078125e+01 1.214751129150390625e+02 6.165309143066406250e+01 3.774716186523437500e+01 1.367190246582031250e+02 1.377681579589843750e+02 1.189347457885742188e+02 1.214993667602539062e+02 7.529981994628906250e+01 1.418323059082031250e+02 1.092449493408203125e+02 1.618804473876953125e+02 1.003911590576171875e+02 1.241259231567382812e+02 1.596050720214843750e+02 1.553030853271484375e+02 1.187550888061523438e+02 9.440196228027343750e+01 1.143852920532226562e+02 1.455569305419921875e+02 6.605268096923828125e+01 1.106274719238281250e+02 1.004148025512695312e+02
4.597103500366210938e+01 1.594031524658203125e+02 1.410535125732421875e+02 7.903717041015625000e+01 1.204469604492187500e+02 8.599547576904296875e+01 0.000000000000000000e+00 8.338043975830078125e+01 1.061169281005859375e+02 5.785271072387695312e+01 1.527582855224609375e+02 9.627398681640625000e+01 1.747176818847656250e+02 7.190756225585937500e+01 1.081144180297851562e+02 1.082223815917968750e+02 1.219847259521484375e+02 1.569352874755859375e+02 1.380401153564453125e+02 9.103344726562500000e+01 7.745542907714843750e+01 1.217943801879882812e+02 1.106238327026367188e+02 8.317890930175781250e+01 1.744679718017578125e+02 1.661767730712890625e+02 1.618988342285156250e+02 5.446122360229492188e+01 8.174488830566406250e+01 5.347950363159179688e+01 1.939653625488281250e+02 1.245093460083007812e+02 8.047793579101562500e+01 1.054479904174804688e+02
6.414328765869140625e+01 1.423044433593750000e+02 1.753965606689453125e+02 1.113436050415039062e+02 5.052141189575195312e+01 4.198070144653320312e+01 8.338043975830078125e+01 0.000000000000000000e+00 9.769644927978515625e+01 7.648035430908203125e+01 1.047490768432617188e+02 7.613732147216796875e+01 1.251314163208007812e+02 4.340505981445312500e+01 5.323977661132812500e+01 1.557196044921875000e+02 1.358708496093750000e+02 1.200486831665039062e+02 1.223271560668945312e+02 9.934281158447265625e+01 1.372592773437500000e+02 1.311757354736328125e+02 1.613759002685546875e+02 1.204754943847656250e+02 1.318065032958984375e+02 1.606718444824218750e+02 1.717382659912109375e+02 1.234169769287109375e+02 7.594989013671875000e+01 1.049992294311523438e+02 1.477224121093750000e+02 5.993171691894531250e+01 9.677777862548828125e+01 9.758333587646484375e+01
1.368103485107421875e+02 7.279418182373046875e+01 1.376105804443359375e+02 6.067047119140625000e+01 7.571395111083984375e+01 7.517871856689453125e+01 1.061169281005859375e+02 9.769644927978515625e+01 0.000000000000000000e+00 9.408573150634765625e+01 1.093417739868164062e+02 5.552923965454101562e+01 9.999327850341796875e+01 1.211703186035156250e+02 4.961302566528320312e+01 6.571094512939453125e+01 1.494785766601562500e+02 1.306053161621093750e+02 1.354341888427734375e+02 5.659731292724609375e+01 1.146520233154296875e+02 4.309608459472656250e+01 1.285657196044921875e+02 3.935960006713867188e+01 9.022346496582031250e+01 1.452394866943359375e+02 9.816699981689453125e+01 7.300710296630859375e+01 1.296353912353515625e+02 1.255568618774414062e+02 1.272573165893554688e+02 9.651030731201171875e+01 1.350258331298828125e+02 1.188373718261718750e+02
7.679553222656250000e+01 1.534963226318359375e+02 1.865764770507812500e+02 5.667982482910156250e+01 1.050487213134765625e+02 6.496615600585937500e+01 5.785271072387695312e+01 7.648035430908203125e+01 9.408573150634765625e+01 0.000000000000000000e+00 1.585500640869140625e+02 5.622644805908203125e+01 1.681221008300781250e+02 8.384870147705078125e+01 8.183081817626953125e+01 1.341050720214843750e+02 1.680832214355468750e+02 1.743649291992187500e+02 1.726139678955078125e+02 5.225943756103515625e+01 1.230876007080078125e+02 1.269230499267578125e+02 1.554816436767578125e+02 9.284294128417968750e+01 1.645025634765625000e+02 2.014755249023437500e+02 1.779381561279296875e+02 7.859016418457031250e+01 1.149067077636718750e+02 1.002917709350585938e+02 1.949031066894531250e+02 1.245446014404296875e+02 1.226367034912109375e+02 1.402937011718750000e+02
1.173772583007812500e+02 8.859957885742187500e+01 1.024969253540039062e+02 1.470651702880859375e+02 6.000027847290039062e+01 1.035599136352539062e+02 1.527582855224609375e+02 1.047490768432617188e+02 1.093417739868164062e+02 1.585500640869140625e+02 0.000000000000000000e+00 1.211208572387695312e+02 4.626890563964843750e+01 1.083413467407226562e+02 8.459551239013671875e+01 1.416088562011718750e+02 6.731786346435546875e+01 3.337264633178710938e+01 4.646257019042968750e+01 1.390742034912109375e+02 1.298578948974609375e+02 1.112570800781250000e+02 1.199298019409179688e+02 1.363130950927734375e+02 6.378607177734375000e+01 6.961499786376953125e+01 1.072973785400390625e+02 1.628896942138671875e+02 7.939138793945312500e+01 1.156856536865234375e+02 5.119525909423828125e+01 5.476353836059570312e+01 8.025193023681640625e+01 5.710184478759765625e+01
1.079602966308593750e+02 1.124114074707031250e+02 1.825969390869140625e+02 5.237849044799804688e+01 7.234143066406250000e+01 5.155426788330078125e+01 9.627398681640625000e+01 7.613732147216796875e+01 5.552923965454101562e+01 5.622644805908203125e+01 1.211208572387695312e+02 0.000000000000000000e+00 1.270873947143554688e+02 9.623936462402343750e+01 4.366106796264648438e+01 1.176965484619140625e+02 1.569667816162109375e+02 1.371786499023437500e+02 1.399199066162109375e+02 3.604283523559570312e+01 1.447738647460937500e+02 9.223501586914062500e+01 1.653296966552734375e+02 7.502854156494140625e+01 1.220911483764648438e+02 1.739476165771484375e+02 1.439752349853515625e+02 9.792900085449218750e+01 1.224067535400390625e+02 1.316351928710937500e+02 1.552605895996093750e+02 9.413344573974609375e+01 1.342511444091796875e+02 1.200169448852539062e+02
1.420970153808593750e+02 5.577841567993164062e+01 1.149539566040039062e+02 1.438076171875000000e+02 8.001657867431640625e+01 1.214751129150390625e+02 1.747176818847656250e+02 1.251314163208007812e+02 9.999327850341796875e+01 1.681221008300781250e+02 4.626890563964843750e+01 1.270873947143554688e+02 0.000000000000000000e+00 1.316298065185546875e+02 1.011260604858398438e+02 1.143117904663085938e+02 1.015648345947265625e+02 6.384250640869140625e+01 8.191183471679687500e+01 1.380811462402343750e+02 1.490855865478515625e+02 8.825732421875000000e+01 1.335330352783203125e+02 1.250317687988281250e+02 2.894954872131347656e+01 7.706851196289062500e+01 8.056390380859375000e+01 1.605594482421875000e+02 1.044029083251953125e+02 1.452369384765625000e+02 3.309634017944335938e+01 7.762022399902343750e+01 1.066463241577148438e+02 8.629277801513671875e+01
4.227943420410156250e+01 1.541201782226562500e+02 1.659978332519531250e+02 1.240685729980468750e+02 7.097875976562500000e+01 6.165309143066406250e+01 7.190756225585937500e+01 4.340505981445312500e+01 1.211703186035156250e+02 8.384870147705078125e+01 1.083413467407226562e+02 9.623936462402343750e+01 1.316298065185546875e+02 0.000000000000000000e+00 7.742716979980468750e+01 1.614757690429687500e+02 1.289440002441406250e+02 1.233318176269531250e+02 1.229761886596679688e+02 1.184473571777343750e+02 1.192476577758789062e+02 1.506027984619140625e+02 1.468975219726562500e+02 1.331462707519531250e+02 1.403697662353515625e+02 1.606989440917968750e+02 1.791476135253906250e+02 1.141056365966796875e+02 5.607485961914062500e+01 8.419049072265625000e+01 1.516684265136718750e+02 6.618670654296875000e+01 7.469559478759765625e+01 8.908375549316406250e+01
1.041042709350585938e+02 1.001417846679687500e+02 1.579521484375000000e+02 7.547525024414062500e+01 3.296253967285156250e+01 3.774716186523437500e+01 1.081144180297851562e+02 5.323977661132812500e+01 4.961302566528320312e+01 8.183081817626953125e+01 8.459551239013671875e+01 4.366106796264648438e+01 1.011260604858398438e+02 7.742716979980468750e+01 0.000000000000000000e+00 1.108470687866210938e+02 1.198349304199218750e+02 1.001064682006835938e+02 1.027795104980468750e+02 6.459780120849609375e+01 1.386833801269531250e+02 8.299570465087890625e+01 1.482599639892578125e+02 7.565216827392578125e+01 1.029046401977539062e+02 1.405166015625000000e+02 1.310445556640625000e+02 1.099315872192382812e+02 9.359101867675781250e+01 1.289112091064453125e+02 1.259014434814453125e+02 5.464496231079101562e+01 9.887989807128906250e+01 8.298648834228515625e+01
1.370580444335937500e+02 6.296419906616210938e+01 8.496881866455078125e+01 1.035150909423828125e+02 1.358247985839843750e+02 1.367190246582031250e+02 1.082223815917968750e+02 1.557196044921875000e+02 6.571094512939453125e+01 1.341050720214843750e+02 1.416088562011718750e+02 1.176965484619140625e+02 1.143117904663085938e+02 1.614757690429687500e+02 1.108470687866210938e+02 0.000000000000000000e+00 1.293686065673828125e+02 1.533650512695312500e+02 1.445236968994140625e+02 1.147697982788085938e+02 7.985167694091796875e+01 3.786271286010742188e+01 7.643750762939453125e+01 5.670778274536132812e+01 9.373040008544921875e+01 1.160977172851562500e+02 6.533590698242187500e+01 6.903082275390625000e+01 1.537720794677734375e+02 1.088683776855468750e+02 1.254808807373046875e+02 1.495288848876953125e+02 1.509941253662109375e+02 1.475438079833984375e+02
1.150671157836914062e+02 1.241593933105468750e+02 5.183683776855468750e+01 1.739504394531250000e+02 9.477353668212890625e+01 1.377681579589843750e+02 1.219847259521484375e+02 1.358708496093750000e+02 1.494785766601562500e+02 1.680832214355468750e+02 6.731786346435546875e+01 1.569667816162109375e+02 1.015648345947265625e+02 1.289440002441406250e+02 1.198349304199218750e+02 1.293686065673828125e+02 0.000000000000000000e+00 4.826133728027343750e+01 2.983913230895996094e+01 1.757795867919921875e+02 7.974144744873046875e+01 1.398000640869140625e+02 6.460076904296875000e+01 1.537010955810546875e+02 1.143151245117187500e+02 5.357361984252929688e+01 9.692436218261718750e+01 1.299836730957031250e+02 9.152343750000000000e+01 7.701000976562500000e+01 8.885404968261718750e+01 8.756575012207031250e+01 7.368027496337890625e+01 5.187883377075195312e+01
1.316549835205078125e+02 1.099779586791992188e+02 7.914609527587890625e+01 1.663086853027343750e+02 7.534480285644531250e+01 1.189347457885742188e+02 1.569352874755859375e+02 1.200486831665039062e+02 1.306053161621093750e+02 1.743649291992187500e+02 3.337264633178710938e+01 1.371786499023437500e+02 6.384250640869140625e+01 1.233318176269531250e+02 1.001064682006835938e+02 1.533650512695312500e+02 4.826133728027343750e+01 0.000000000000000000e+00 2.720149421691894531e+01 1.569440917968750000e+02 1.182481765747070312e+02 1.348028564453125000e+02 1.009265365600585938e+02 1.567597198486328125e+02 8.440322113037109375e+01 4.797257995605468750e+01 1.013386306762695312e+02 1.665694732666015625e+02 9.318527984619140625e+01 1.121718673706054688e+02 5.038369750976562500e+01 6.988106536865234375e+01 9.103485107421875000e+01 6.265187454223632812e+01
1.237886199951171875e+02 1.177539215087890625e+02 6.507524108886718750e+01 1.697802581787109375e+02 7.788179016113281250e+01 1.214993667602539062e+02 1.380401153564453125e+02 1.223271560668945312e+02 1.354341888427734375e+02 1.726139678955078125e+02 4.646257019042968750e+01 1.399199066162109375e+02 8.191183471679687500e+01 1.229761886596679688e+02 1.027795104980468750e+02 1.445236968994140625e+02 2.983913230895996094e+01 2.720149421691894531e+01 0.000000000000000000e+00 1.598446807861328125e+02 9.787028503417968750e+01 1.379714813232421875e+02 8.278096008300781250e+01 1.568114166259765625e+02 9.859498596191406250e+01 4.921414184570312500e+01 1.012837371826171875e+02 1.481468353271484375e+02 8.815047454833984375e+01 9.198378753662109375e+01 7.081888580322265625e+01 7.173182678222656250e+01 7.669417572021484375e+01 4.933794021606445312e+01
1.223161544799804688e+02 1.223526229858398438e+02 1.884217681884765625e+02 2.790777587890625000e+01 9.248861694335937500e+01 7.529981994628906250e+01 9.103344726562500000e+01 9.934281158447265625e+01 5.659731292724609375e+01 5.225943756103515625e+01 1.390742034912109375e+02 3.604283523559570312e+01 1.380811462402343750e+02 1.184473571777343750e+02 6.459780120849609375e+01 1.147697982788085938e+02 1.757795867919921875e+02 1.569440917968750000e+02 1.598446807861328125e+02 0.000000000000000000e+00 1.347487487792968750e+02 9.552913665771484375e+01 1.629403381347656250e+02 6.490413665771484375e+01 1.325919494628906250e+02 1.887427368164062500e+02 1.502539215087890625e+02 7.863695526123046875e+01 1.400534057617187500e+02 1.290873870849609375e+02 1.667371215820312500e+02 1.142768630981445312e+02 1.516941070556640625e+02 1.395194549560546875e+02
8.604632568359375000e+01 1.263417053222656250e+02 7.800389862060546875e+01 1.172311553955078125e+02 1.330554656982421875e+02 1.418323059082031250e+02 7.745542907714843750e+01 1.372592773437500000e+02 1.146520233154296875e+02 1.230876007080078125e+02 1.298578948974609375e+02 1.447738647460937500e+02 1.490855865478515625e+02 1.192476577758789062e+02 1.386833801269531250e+02 7.985167694091796875e+01 7.974144744873046875e+01 1.182481765747070312e+02 9.787028503417968750e+01 1.347487487792968750e+02 0.000000000000000000e+00 1.065167312622070312e+02 5.630036544799804688e+01 9.149781036376953125e+01 1.442766113281250000e+02 1.104012756347656250e+02 1.085319061279296875e+02 6.724027252197265625e+01 9.842173004150390625e+01 4.999647903442382812e+01 1.509668426513671875e+02 1.284455413818359375e+02 8.058274841308593750e+01 8.587603759765625000e+01
1.555139465332031250e+02 4.195906066894531250e+01 1.005002975463867188e+02 9.684707641601562500e+01 1.067178344726562500e+02 1.092449493408203125e+02 1.217943801879882812e+02 1.311757354736328125e+02 4.309608459472656250e+01 1.269230499267578125e+02 1.112570800781250000e+02 9.223501586914062500e+01 8.825732421875000000e+01 1.506027984619140625e+02 8.299570465087890625e+01 3.786271286010742188e+01 1.398000640869140625e+02 1.348028564453125000e+02 1.379714813232421875e+02 9.552913665771484375e+01 1.065167312622070312e+02 0.000000000000000000e+00 1.000851516723632812e+02 5.384482192993164062e+01 6.943731689453125000e+01 1.158326950073242188e+02 6.228744888305664062e+01 8.183493041992187500e+01 1.451189117431640625e+02 1.311121826171875000e+02 1.070884094238281250e+02 1.179625320434570312e+02 1.500647735595703125e+02 1.321955871582031250e+02
1.159823074340820312e+02 1.076538391113281250e+02 4.840331268310546875e+01 1.467201690673828125e+02 1.417433319091796875e+02 1.618804473876953125e+02 1.106238327026367188e+02 1.613759002685546875e+02 1.285657196044921875e+02 1.554816436767578125e+02 1.199298019409179688e+02 1.653296966552734375e+02 1.335330352783203125e+02 1.468975219726562500e+02 1.482599639892578125e+02 7.643750762939453125e+01 6.460076904296875000e+01 1.009265365600585938e+02 8.278096008300781250e+01 1.629403381347656250e+02 5.630036544799804688e+01 1.000851516723632812e+02 0.000000000000000000e+00 1.131174011230468750e+02 1.268073730468750000e+02 8.136328125000000000e+01 8.134367370605468750e+01 9.713840484619140625e+01 1.191638107299804688e+02 7.623374938964843750e+01 1.227987670898437500e+02 1.366819305419921875e+02 9.973809814453125000e+01 9.473396301269531250e+01
1.184608230590820312e+02 9.009632873535156250e+01 1.348694000244140625e+02 5.522660064697265625e+01 1.020157775878906250e+02 1.003911590576171875e+02 8.317890930175781250e+01 1.204754943847656250e+02 3.935960006713867188e+01 9.284294128417968750e+01 1.363130950927734375e+02 7.502854156494140625e+01 1.250317687988281250e+02 1.331462707519531250e+02 7.565216827392578125e+01 5.670778274536132812e+01 1.537010955810546875e+02 1.567597198486328125e+02 1.568114166259765625e+02 6.490413665771484375e+01 9.149781036376953125e+01 5.384482192993164062e+01 1.131174011230468750e+02 0.000000000000000000e+00 1.124261322021484375e+02 1.569207305908203125e+02 1.068483200073242188e+02 4.920328521728515625e+01 1.355172424316406250e+02 1.000195083618164062e+02 1.495740661621093750e+02 1.234078826904296875e+02 1.378436737060546875e+02 1.356903076171875000e+02
1.517609710693359375e+02 3.364291000366210938e+01 1.087792282104492188e+02 1.382550201416015625e+02 8.663318634033203125e+01 1.241259231567382812e+02 1.744679718017578125e+02 1.318065032958984375e+02 9.022346496582031250e+01 1.645025634765625000e+02 6.378607177734375000e+01 1.220911483764648438e+02 2.894954872131347656e+01 1.403697662353515625e+02 1.029046401977539062e+02 9.373040008544921875e+01 1.143151245117187500e+02 8.440322113037109375e+01 9.859498596191406250e+01 1.325919494628906250e+02 1.442766113281250000e+02 6.943731689453125000e+01 1.268073730468750000e+02 1.124261322021484375e+02 0.000000000000000000e+00 8.236376953125000000e+01 6.460702514648437500e+01 1.462442016601562500e+02 1.140968933105468750e+02 1.534440612792968750e+02 4.412567520141601562e+01 8.591799926757812500e+01 1.164247665405273438e+02 9.648689270019531250e+01
1.577643890380859375e+02 8.823586273193359375e+01 4.942897796630859375e+01 1.928375549316406250e+02 1.167261734008789062e+02 1.596050720214843750e+02 1.661767730712890625e+02 1.606718444824218750e+02 1.452394866943359375e+02 2.014755249023437500e+02 6.961499786376953125e+01 1.739476165771484375e+02 7.706851196289062500e+01 1.606989440917968750e+02 1.405166015625000000e+02 1.160977172851562500e+02 5.357361984252929688e+01 4.797257995605468750e+01 4.921414184570312500e+01 1.887427368164062500e+02 1.104012756347656250e+02 1.158326950073242188e+02 8.136328125000000000e+01 1.569207305908203125e+02 8.236376953125000000e+01 0.000000000000000000e+00 6.605514526367187500e+01 1.616867218017578125e+02 1.278855056762695312e+02 1.218832855224609375e+02 5.216695404052734375e+01 1.111720275878906250e+02 1.173775787353515625e+02 9.115657806396484375e+01
1.729351654052734375e+02 4.820487594604492188e+01 5.995318603515625000e+01 1.514173583984375000e+02 1.366062622070312500e+02 1.553030853271484375e+02 1.618988342285156250e+02 1.717382659912109375e+02 9.816699981689453125e+01 1.779381561279296875e+02 1.072973785400390625e+02 1.439752349853515625e+02 8.056390380859375000e+01 1.791476135253906250e+02 1.310445556640625000e+02 6.533590698242187500e+01 9.692436218261718750e+01 1.013386306762695312e+02 1.012837371826171875e+02 1.502539215087890625e+02 1.085319061279296875e+02 6.228744888305664062e+01 8.134367370605468750e+01 1.068483200073242188e+02 6.460702514648437500e+01 6.605514526367187500e+01 0.000000000000000000e+00 1.261303863525390625e+02 1.552612304687500000e+02 1.398055725097656250e+02 7.590414428710937500e+01 1.372678833007812500e+02 1.501804504394531250e+02 1.303359222412109375e+02
8.579542541503906250e+01 1.204028625488281250e+02 1.275152664184570312e+02 6.061732482910156250e+01 1.355916442871093750e+02 1.187550888061523438e+02 5.446122360229492188e+01 1.234169769287109375e+02 7.300710296630859375e+01 7.859016418457031250e+01 1.628896942138671875e+02 9.792900085449218750e+01 1.605594482421875000e+02 1.141056365966796875e+02 1.099315872192382812e+02 6.903082275390625000e+01 1.299836730957031250e+02 1.665694732666015625e+02 1.481468353271484375e+02 7.863695526123046875e+01 6.724027252197265625e+01 8.183493041992187500e+01 9.713840484619140625e+01 4.920328521728515625e+01 1.462442016601562500e+02 1.616867218017578125e+02 1.261303863525390625e+02 0.000000000000000000e+00 1.160345153808593750e+02 6.881186676025390625e+01 1.824258575439453125e+02 1.500549316406250000e+02 1.094388732910156250e+02 1.252163009643554688e+02
4.630136489868164062e+01 1.333867187500000000e+02 1.340930175781250000e+02 1.396046447753906250e+02 6.905393218994140625e+01 9.440196228027343750e+01 8.174488830566406250e+01 7.594989013671875000e+01 1.296353912353515625e+02 1.149067077636718750e+02 7.939138793945312500e+01 1.224067535400390625e+02 1.044029083251953125e+02 5.607485961914062500e+01 9.359101867675781250e+01 1.537720794677734375e+02 9.152343750000000000e+01 9.318527984619140625e+01 8.815047454833984375e+01 1.400534057617187500e+02 9.842173004150390625e+01 1.451189117431640625e+02 1.191638107299804688e+02 1.355172424316406250e+02 1.140968933105468750e+02 1.278855056762695312e+02 1.552612304687500000e+02 1.160345153808593750e+02 0.000000000000000000e+00 6.366812896728515625e+01 1.232129592895507812e+02 5.518458557128906250e+01 3.399752426147460938e+01 5.011169815063476562e+01
5.022007369995117188e+01 1.561797027587890625e+02 1.004151687622070312e+02 1.128024520874023438e+02 1.139737472534179688e+02 1.143852920532226562e+02 5.347950363159179688e+01 1.049992294311523438e+02 1.255568618774414062e+02 1.002917709350585938e+02 1.156856536865234375e+02 1.316351928710937500e+02 1.452369384765625000e+02 8.419049072265625000e+01 1.289112091064453125e+02 1.088683776855468750e+02 7.701000976562500000e+01 1.121718673706054688e+02 9.198378753662109375e+01 1.290873870849609375e+02 4.999647903442382812e+01 1.311121826171875000e+02 7.623374938964843750e+01 1.000195083618164062e+02 1.534440612792968750e+02 1.218832855224609375e+02 1.398055725097656250e+02 6.881186676025390625e+01 6.366812896728515625e+01 0.000000000000000000e+00 1.572032165527343750e+02 1.043948364257812500e+02 4.822054290771484375e+01 6.441681671142578125e+01
1.610155487060546875e+02 6.823808288574218750e+01 9.239638519287109375e+01 1.724435272216796875e+02 1.029055404663085938e+02 1.455569305419921875e+02 1.939653625488281250e+02 1.477224121093750000e+02 1.272573165893554688e+02 1.949031066894531250e+02 5.119525909423828125e+01 1.552605895996093750e+02 3.309634017944335938e+01 1.516684265136718750e+02 1.259014434814453125e+02 1.254808807373046875e+02 8.885404968261718750e+01 5.038369750976562500e+01 7.081888580322265625e+01 1.667371215820312500e+02 1.509668426513671875e+02 1.070884094238281250e+02 1.227987670898437500e+02 1.495740661621093750e+02 4.412567520141601562e+01 5.216695404052734375e+01 7.590414428710937500e+01 1.824258575439453125e+02 1.232129592895507812e+02 1.572032165527343750e+02 0.000000000000000000e+00 9.797272491455078125e+01 1.249747314453125000e+02 1.023707580566406250e+02
8.694077301025390625e+01 1.035118255615234375e+02 1.335513153076171875e+02 1.246799774169921875e+02 2.458681106567382812e+01 6.605268096923828125e+01 1.245093460083007812e+02 5.993171691894531250e+01 9.651030731201171875e+01 1.245446014404296875e+02 5.476353836059570312e+01 9.413344573974609375e+01 7.762022399902343750e+01 6.618670654296875000e+01 5.464496231079101562e+01 1.495288848876953125e+02 8.756575012207031250e+01 6.988106536865234375e+01 7.173182678222656250e+01 1.142768630981445312e+02 1.284455413818359375e+02 1.179625320434570312e+02 1.366819305419921875e+02 1.234078826904296875e+02 8.591799926757812500e+01 1.111720275878906250e+02 1.372678833007812500e+02 1.500549316406250000e+02 5.518458557128906250e+01 1.043948364257812500e+02 9.797272491455078125e+01 0.000000000000000000e+00 6.372458648681640625e+01 4.916194152832031250e+01
5.503109741210937500e+01 1.359597015380859375e+02 1.163778228759765625e+02 1.474564514160156250e+02 7.327291870117187500e+01 1.106274719238281250e+02 8.047793579101562500e+01 9.677777862548828125e+01 1.350258331298828125e+02 1.226367034912109375e+02 8.025193023681640625e+01 1.342511444091796875e+02 1.066463241577148438e+02 7.469559478759765625e+01 9.887989807128906250e+01 1.509941253662109375e+02 7.368027496337890625e+01 9.103485107421875000e+01 7.669417572021484375e+01 1.516941070556640625e+02 8.058274841308593750e+01 1.500647735595703125e+02 9.973809814453125000e+01 1.378436737060546875e+02 1.164247665405273438e+02 1.173775787353515625e+02 1.501804504394531250e+02 1.094388732910156250e+02 3.399752426147460938e+01 4.822054290771484375e+01 1.249747314453125000e+02 6.372458648681640625e+01 0.000000000000000000e+00 3.461182403564453125e+01
8.217420196533203125e+01 1.163963623046875000e+02 9.827008056640625000e+01 1.460504455566406250e+02 5.761767959594726562e+01 1.004148025512695312e+02 1.054479904174804688e+02 9.758333587646484375e+01 1.188373718261718750e+02 1.402937011718750000e+02 5.710184478759765625e+01 1.200169448852539062e+02 8.629277801513671875e+01 8.908375549316406250e+01 8.298648834228515625e+01 1.475438079833984375e+02 5.187883377075195312e+01 6.265187454223632812e+01 4.933794021606445312e+01 1.395194549560546875e+02 8.587603759765625000e+01 1.321955871582031250e+02 9.473396301269531250e+01 1.356903076171875000e+02 9.648689270019531250e+01 9.115657806396484375e+01 1.303359222412109375e+02 1.252163009643554688e+02 5.011169815063476562e+01 6.441681671142578125e+01 1.023707580566406250e+02 4.916194152832031250e+01 3.461182403564453125e+01 0.000000000000000000e+00
